3125
5661
7266
9655
8709
8520
3692
949
6613
4423
7501
9395
409
9391
7097
4258
5156
5009
2377
1947
9106
851
105
6447
1213
6795
3124
516
9727
4542
2511
1180
8685
5547
3206
578
544
9978
5363
4292
1778
4259
5570
2815
5747
8673
6366
9791
9462
8200
8831
5813
3473
3554
2640
8655
5540
4662
1225
989
3925
4477
4730
4411
2404
2534
8241
3002
8508
5326
9162
6373
2812
2288
7166
9716
3361
2007
3099
5450
8768
652
9173
5054
4974
9591
9776
2312
6913
3322
8667
1895
7196
9741
307
44
1333
7435
6105
4271
6341
6038
3640
9837
4240
7893
2672
7293
6425
5198
124
7135
4605
1327
1177
705
8785
3941
1697
9273
1847
6386
9750
3303
3096
5569
374
8261
2802
5636
3675
1864
8988
4639
9739
3350
4361
6046
1249
700
4031
9159
3132
1475
5979
8551
9599
7258
3806
1510
6379
9412
8798
3267
3245
7096
6132
7263
4590
5846
3961
1581
9436
2629
5655
5418
382
5059
729
4849
8424
432
7297
5021
746
3395
5447
8817
6485
6264
7848
9959
6851
4834
1707
9780
7335
6787
5223
9041
8309
5505
5623
8643
9449
3995
8262
1158
3396
2964
6979
3406
8415
2820
924
2723
6202
9963
7410
8097
6065
589
4067
6969
8590
9826
7961
909
3453
2399
8996
4351
866
486
7609
3749
8022
2304
148
5350
8291
690
7251
8770
8739
9066
8179
668
3437
807
3673
8101
4746
1742
7951
4885
7045
7217
7971
7407
6314
402
5426
3065
3252
1025
986
7036
6895
6168
2158
8852
7694
7872
8586
3581
4417
7518
1563
4535
7664
7396
5931
450
9045
3758
9100
6434
9541
3001
9908
9435
1614
8972
4196
1047
9478
5683
443
9175
3118
8516
5549
9086
3044
1809
6036
3019
4501
8961
388
3419
6031
7940
6114
4037
3461
2222
6684
3310
771
2350
1879
8851
5723
7799
4260
1388
813
253
2720
5496
2488
4326
6291
637
9490
9130
4277
8882
7830
8272
1582
7481
598
7944
9668
3254
3563
1467
1370
7385
4881
7438
502
814
9181
6432
6450
5253
5183
9641
727
1248
488
5993
4548
3237
273
8734
2558
8476
7043
6214
9434
5109
136
9785
1775
990
7939
7453
3825
1263
6541
5235
7793
3520
4041
1653
1961
4647
7748
4474
2346
2056
3345
1946
8938
9494
2131
2596
9743
8215
5124
9297
2873
5366
190
3657
8391
2009
1226
3094
8887
2403
3443
566
5719
8778
9906
7203
3302
4
5508
5890
6507
8136
1643
5041
6058
426
518
4652
8229
64
5887
5177
7087
8313
4128
5470
5361
5071
721
4891
2718
9067
9158
6007
5951
9329
9517
5893
7455
4964
2323
5349
4852
6435
9405
4197
1920
2683
3505
9972
265
8602
9512
6738
2376
8784
61
5409
4043
225
7394
8155
942
3415
7454
7568
5469
1720
3631
3763
1724
8232
6524
5136
3731
8432
5138
702
2980
4213
4111
7325
5562
2071
9775
2804
6409
8560
1538
1442
7840
7430
1923
6380
7547
418
1171
6952
7772
2819
512
8118
8594
8874
3328
639
9553
4728
9548
3242
3611
4332
5665
8500
548
3076
3426
2309
88
569
4063
4750
5946
5672
3808
131
4264
1676
139
7617
883
3163
6454
2278
6536
9422
3599
1750
4763
2759
3297
8738
8354
1635
8896
5467
3073
345
7589
6368
1332
6338
3469
8058
9865
8009
9491
8487
5052
1336
9378
6388
2916
7353
511
2832
2868
1058
2949
9784
6518
8893
6117
8146
3996
4480
7440
3390
9708
9532
9770
4611
4138
3836
6739
7311
1704
6931
3719
3865
9569
943
7147
6347
7178
1793
2704
1959
726
4674
2958
932
7962
2459
9621
4166
1784
1733
9345
9294
5545
3607
7966
2961
5445
1897
575
1803
8002
2039
7768
8435
9697
7299
670
9240
1616
7103
984
6743
7988
1880
6172
967
1492
1407
4804
2745
1148
4808
8688
5176
5597
4855
181
5530
84
1994
3653
2611
2062
7922
6521
7126
6033
3835
7657
5266
7339
5219
3926
5667
1425
2615
6857
3740
170
8674
9881
4973
9308
1431
1254
3902
843
6746
1136
1392
6102
5970
5343
8665
5128
2810
4218
8664
1000
2902
8351
4156
6282
3028
6193
9537
6714
8060
360
6579
7964
7094
7110
9415
8154
4304
2721
7500
1685
7371
3646
5191
6863
2725
1709
2179
7296
4734
4497
1620
8412
6489
4899
385
45
9262
3684
4941
1081
4217
8675
4859
939
8583
9595
5877
7734
8494
9464
4200
145
7423
766
1806
5380
2164
8037
5918
5844
7688
2175
749
3168
3687
9931
1086
1619
7626
587
3960
1698
8928
4139
1882
4116
6465
7502
1567
6563
922
9260
6580
9150
3914
2482
1927
2581
8531
7077
6436
5391
9914
1233
1867
2847
2280
3217
3348
1688
3160
8468
219
5625
9101
4371
8076
5834
1727
8032
6537
9052
747
8616
7786
2211
51
3324
3147
6590
4215
9245
2487
7700
1536
2710
3634
6394
4388
9146
7623
230
7717
4335
2013
5145
6278
387
3734
3823
9456
5044
1811
685
9956
6381
300
3446
1231
9634
6154
474
9121
1283
9809
6056
5094
1598
8700
2907
8923
983
1550
285
7380
3487
6173
3053
2026
636
3229
8189
9321
1147
8558
2968
5211
9781
1146
8538
9127
2577
4019
5229
7457
1800
2439
4687
7605
7120
8607
9530
4996
9214
7530
2801
157
5769
3496
2021
2279
6769
1991
2943
2118
7102
2948
2220
9753
2836
9225
4498
9390
4056
568
577
7426
9954
1776
4795
6411
7162
2848
9861
5649
7845
7188
3916
2047
8648
9948
3216
9165
4507
5152
9639
5011
4546
2931
8436
9023
9568
4000
5336
7713
4820
2537
8916
4933
864
7704
7854
1869
4022
9325
5986
7562
9842
4520
5710
4205
8402
1868
5712
3724
8747
3484
1588
6589
9114
1979
2068
9665
8094
4017
5001
8255
5398
8495
2528
6315
8632
4744
4532
85
9675
1646
1826
5728
6759
7118
736
7510
7946
4735
4765
8325
3994
6284
4491
6001
5345
910
4559
282
1502
9334
3906
3743
4013
5320
6420
4453
9584
6483
5965
6431
4714
2901
7406
7593
3674
4070
8935
4189
5883
3945
6356
3561
7684
755
1014
791
5819
5515
8375
4203
6311
248
1401
4199
9607
550
7261
8188
4844
9701
8149
2234
7864
8659
7991
4931
7981
9777
3161
5586
4932
1307
6949
9443
675
6823
1993
3319
7062
175
9860
8288
8909
2423
1304
871
6710
8069
1981
4615
2019
7104
7264
1971
3192
4015
3411
3072
3039
6077
9470
8905
2981
863
8515
8978
9026
7892
2416
832
1609
9129
6756
770
2074
8976
8965
4338
456
3140
6444
14
4115
7805
4024
7058
6553
286
2393
6215
36
964
4108
3173
9349
2282
2075
6981
4506
769
4313
559
1759
3368
7165
9586
1722
2903
5604
3471
3364
86
839
5503
4227
12
7205
4872
8207
5328
4768
5027
4261
4586
8019
6145
3410
3228
918
4889
9654
9401
3435
2690
8441
7796
4760
7350
1477
3448
440
8959
1610
6907
5169
1271
3612
1089
8731
3354
7092
2882
9986
7471
570
2462
7989
7020
2561
2088
5742
8480
7381
6956
2010
1449
9014
8086
661
1960
5749
8707
1751
2171
5381
505
780
1179
3067
628
2078
4072
7480
3509
7452
5125
3313
5872
6020
4007
3648
295
5730
7281
3603
2865
5533
324
7234
2475
2495
3060
5105
5036
4230
2525
3432
2660
5843
7844
808
1819
7527
2951
1363
5357
2253
9322
6093
4483
5865
3495
9365
9085
8096
5058
2497
7541
4319
5404
739
1457
9034
4841
9253
5765
1508
4960
8585
5427
940
5379
3046
2029
7327
7982
5897
4221
8946
8041
9239
3009
9955
3863
7578
7190
3424
13
1308
6917
6076
6498
7274
6433
9234
4028
3539
3015
9315
7928
6295
2422
7861
855
9763
8062
1745
7648
8392
4619
7513
3804
7257
1965
790
5538
7214
837
1541
3661
255
4129
2160
3189
4231
7053
6708
7701
4009
392
2645
1240
7634
8647
7030
5435
4870
6271
4860
2761
7721
1469
1043
2103
3608
2707
9437
8293
4955
6909
6645
4749
8024
9009
6446
8438
701
7035
70
7063
8605
7785
9789
5705
498
3881
4806
2548
4793
3386
3507
3855
9021
3638
7817
2572
9903
1429
3378
9244
3226
7415
6689
9673
41
848
2294
1992
9444
896
1218
9941
3617
8260
8714
8227
3167
3815
9936
7145
7612
4341
1534
1093
3759
838
7183
6476
4164
9704
3195
3181
3330
1497
2080
3805
2897
9888
9687
730
8364
1902
9050
8711
5574
9455
8569
1039
9064
9788
7141
1359
2560
8612
8943
8513
8467
3768
2748
5369
9533
4321
7750
1744
8128
5842
9367
121
5458
2833
2100
9071
6959
5856
4961
5639
8765
7403
4268
2172
1238
1223
3873
3463
8559
9289
1856
9988
10
5270
6843
5969
2829
728
7583
7421
6405
6232
9423
2680
3367
815
4283
2665
3428
3702
6317
1691
7191
5089
5192
6957
7049
4759
4798
9990
3978
507
6283
9706
723
189
3109
611
3038
5642
6834
679
9277
2752
3613
6938
5086
2899
257
372
8079
7432
1297
9771
7825
776
9877
9270
7039
4626
875
5753
5258
3991
3893
3583
3866
8606
1633
1863
9180
8509
6266
6126
1219
5609
1280
7524
9895
1073
7736
8625
1211
4383
4418
1777
5905
4412
2022
7642
7818
6999
8755
4770
1087
8059
4135
5115
1857
5745
5735
885
4935
9362
8692
9098
3011
9081
2051
55
3464
7615
3384
5180
5075
9472
7027
1854
2998
2923
8815
6596
8526
3100
8289
6943
8846
4803
2424
538
8303
3159
7584
7676
6891
1794
5593
5823
7192
3183
6877
6040
6602
6231
1953
4739
4269
5603
4228
9268
7204
6848
4387
2653
5150
2671
1524
8253
4799
7795
2605
8372
9658
1523
4882
4369
3647
9128
2890
6586
2455
465
3832
7083
2411
5451
6236
4296
200
3534
1490
6510
5296
4810
8431
5885
9360
4780
7185
1877
6506
5720
2549
7919
9816
2432
5722
1130
3580
5645
9501
7242
2256
2971
6479
7596
6731
5613
976
1216
8658
2926
6238
5106
8691
8523
305
2656
1828
9344
3928
4892
7735
2822
6921
9219
8274
8506
8213
2972
4045
8055
7079
7905
2758
5968
8258
7125
2550
6298
459
6544
391
5847
7128
1042
8695
1204
9982
1855
8011
7483
8264
1251
3677
3347
4930
5020
4153
2140
4395
231
1512
6545
8053
7997
2366
2285
9638
6727
7442
6862
6340
1791
2892
9886
5608
9803
5658
872
8783
8490
6631
8420
7052
2858
2700
4239
1106
3623
2993
4082
7890
5255
991
3818
6924
9227
6243
7763
4968
7807
2092
5889
6691
2927
1673
2527
796
5205
509
3637
7207
8290
1736
7163
2293
3247
471
997
9135
7913
524
2077
7300
7308
2347
6578
7119
7556
7588
2415
7354
7014
6616
9617
7683
1310
8677
1649
1461
944
3867
3491
4093
15
9058
7662
5129
6449
8185
5650
6606
2740
333
3526
9090
9099
8546
4861
151
5925
1687
1371
303
5850
9068
8028
631
4429
6896
2341
7996
7972
2711
2956
7699
6734
1941
5282
1912
5781
709
7170
176
858
2828
3761
7247
5679
5130
7179
1117
1446
478
6549
4123
6470
3123
3929
6792
7730
9523
8110
2306
8886
7673
8541
6614
1634
6887
1544
7286
1568
2800
4461
7416
9691
4263
3414
8121
6219
9178
2151
4118
3220
9335
4437
4918
183
6955
489
46
2182
6810
781
1227
5904
464
3813
926
2661
1661
4099
3102
874
8715
1168
8461
4087
4777
6261
4980
9609
491
490
1121
5762
9559
6922
5455
9685
998
352
9588
8684
5456
67
249
9386
3454
8614
3754
3017
4871
7839
7479
72
6175
3678
1187
4219
6098
9131
6894
9531
768
4275
894
4459
3018
2101
5990
3243
3172
5484
7499
3215
337
905
3696
7200
6876
5702
9724
3351
404
9929
2526
193
2420
6043
4754
1118
2429
1170
3955
9223
3225
3479
6482
9905
5288
7975
7193
3204
8327
6198
1488
2633
318
8234
2373
2602
4122
4168
8108
7838
1808
1772
8407
6573
6480
4769
4616
3476
2269
929
8807
8575
3701
5778
3513
804
3651
2973
4376
335
3383
59
8572
1109
3409
9646
3259
6199
9811
8653
7776
3965
2434
3597
8779
826
8111
4504
6765
9643
2793
2461
5837
9882
2713
3090
9108
7942
6946
1201
7005
1447
514
2728
6995
9852
4959
4257
2325
9384
3068
9734
2837
831
9966
407
1298
9759
4354
2604
7273
6830
6178
8444
2620
2716
9622
530
8284
9458
2780
4995
1169
5284
43
9714
8543
1004
274
7321
4942
6107
4519
1495
4699
3807
5891
6636
4655
9699
8142
6331
9786
3876
6481
8380
1603
2247
129
1845
6997
3739
7209
9074
1672
710
8884
9769
8512
528
5294
3922
6382
9919
320
9606
660
6941
2593
2588
1175
2878
8340
9152
2643
4966
8880
3191
1456
8869
6824
7376
4157
7751
3953
9592
5808
8411
9282
6584
4481
5558
7245
2806
2361
774
1572
5929
1842
9032
8860
7620
6292
7590
6547
9083
7742
1222
8304
3848
2880
9671
3369
4525
9231
1406
8226
5670
6940
1104
8565
6378
3288
8748
7832
5756
2301
3456
6663
2389
9921
6858
2777
2089
4512
1405
4868
137
2579
5818
4508
9565
243
9193
3789
2767
244
7343
4557
5656
6715
733
6370
4906
8455
2276
3178
5950
6413
2574
1716
2551
2849
4241
2271
8837
1115
934
2229
9935
156
229
2851
9761
8095
818
4339
5866
9488
3420
7784
5997
1415
4422
5524
9364
112
3596
3022
2909
7559
1719
634
7637
4992
5155
572
8646
3593
5279
5768
5861
7238
211
4399
520
3787
7862
5697
627
2263
4284
9036
4775
3909
6451
586
1266
5187
6262
4449
501
3689
1849
6024
9483
9049
5066
408
4380
1703
5197
8670
6116
4862
463
699
3712
3498
5696
5583
3372
9602
9246
7888
2230
1438
7898
4282
8580
4232
9031
609
3650
422
7368
9222
8345
3327
2335
1306
2668
9651
8841
7148
1478
8669
3791
9304
3061
2887
411
2708
1763
5577
7384
6069
6392
7532
5987
9482
5305
4779
5374
6090
3050
5910
9343
5816
7450
476
7393
6786
7106
5472
8334
9752
8371
2666
9917
1656
34
913
93
4080
6548
529
7765
3942
2504
9091
4234
2910
2115
1732
3218
4005
4646
3416
9551
2318
7019
6650
6837
3236
7519
2779
110
9987
789
9079
8322
9299
9735
8950
3515
8078
8129
4162
3901
3872
7439
2053
2378
9229
9080
2990
5576
3919
8074
9557
751
5416
8300
1875
2975
9148
9870
800
1787
239
3150
7897
4940
5895
5689
8771
9477
8350
5492
6566
2934
1677
2703
1699
4676
1668
3458
284
4949
4223
3733
6362
8443
4136
7463
2840
4838
1575
8998
8073
5699
7747
5614
4298
7932
9392
5874
3885
5193
4194
6120
3043
2922
4558
9141
9356
995
8732
7414
4471
8549
4103
2483
1579
2913
9251
1866
2478
5621
5480
1427
6881
8812
2856
1769
8883
1554
2296
1203
343
6445
6867
3431
5174
6794
4416
1843
7650
3786
3279
5153
8983
5947
820
3601
7447
9801
8833
8447
3126
1594
1
5738
2556
2798
9912
9657
349
6286
5802
687
9147
8855
4813
3041
7837
6869
5278
7413
7706
3057
2428
6829
9076
7182
591
1576
8400
7902
7998
425
2199
1186
8759
3264
2614
6417
5803
4704
1324
4723
4651
3280
2440
3939
9283
130
1680
3614
3793
5432
4551
6109
6720
8936
9630
1480
9197
3429
8502
7663
3985
8254
5244
5092
658
5298
7879
296
1978
4342
9112
4794
3798
5119
5761
8686
6274
6472
4555
8091
6319
6939
3622
480
9409
7151
4740
6035
5999
4811
3609
6914
2114
4593
6712
4397
1767
5688
4478
434
2871
6742
3293
306
765
6466
5048
1968
6452
6296
8302
574
5487
8491
2410
6675
2918
7686
6603
8269
2675
688
6218
4731
7305
5721
4274
2076
5185
1419
267
6865
9317
9209
436
2896
3694
302
7109
9489
3375
6646
7490
6533
6241
6279
846
9916
3184
1185
2343
2449
1013
3326
3459
350
6657
279
7136
9027
6818
907
5880
5736
89
9055
1562
3317
2107
1274
9122
8347
8810
1774
8349
9649
8252
7770
2072
5654
2402
4927
5452
236
6996
3645
223
617
3434
4771
6980
6354
5959
2756
5113
7240
7957
817
7577
3976
2817
5144
3408
9580
9536
5668
8489
3231
9932
2627
9797
5631
1586
1236
1353
1174
4059
5173
485
8505
6607
6115
4071
4355
1754
9163
9594
8087
3584
9937
6666
48
2249
1908
4500
1143
6078
3460
8348
6635
9576
3265
2925
4465
3816
2200
8751
2030
4630
7289
5976
8566
3084
9849
5985
8035
697
5590
2334
8824
4790
9740
3314
713
7419
9013
242
3828
9242
7174
2845
3190
2390
482
1921
1780
7509
3800
9161
8563
9291
8895
5421
6954
4594
5695
9554
4184
6211
7255
2917
5612
859
3262
5542
1682
1322
9885
2939
9722
9201
8423
3433
6926
365
9019
2163
9707
1207
3654
435
7558
9463
9768
1463
6745
7914
7974
2087
4340
1317
9269
5737
2603
7726
3762
400
6113
4649
6221
6659
4159
3241
525
4988
5158
7503
2893
5299
7232
2400
4923
4133
3952
4564
2146
7164
9429
8777
2223
3747
7093
3958
8839
3193
6825
503
2988
9689
930
4673
7362
9528
429
3066
5111
258
8857
6958
1546
2701
724
8312
4392
9795
2816
9033
7929
1301
7625
2362
2598
1184
2796
111
3248
5091
7312
2906
4873
4645
8446
2535
4473
9248
5065
3987
5049
6811
2064
9347
8532
977
6678
1373
5821
7669
6190
6320
9279
9525
3156
8930
4816
5412
5261
3373
3920
2772
154
5521
5351
7948
2747
3112
9894
221
5783
2513
1214
5210
4120
594
4727
2042
4896
9088
7585
4212
1932
8819
5801
5774
5894
8917
4486
9224
6288
3233
5096
7276
615
53
1894
809
1804
1044
104
3051
849
2876
4720
7420
5385
1291
1535
278
4644
4681
9157
1356
5359
8036
5659
8514
7687
6084
9824
1637
8840
1518
6324
4629
7172
7698
2946
6623
4847
3592
9213
7133
3992
325
7680
980
4456
1832
2573
962
1257
1511
7127
1132
4858
6608
7550
9047
5396
7267
134
6961
4715
4890
3010
9976
9003
7833
5535
8140
8995
7670
3517
8604
7138
7715
8762
8598
7886
9313
4850
5415
8948
4410
2521
7241
7729
1747
5585
1267
3656
6100
8932
9909
1954
4396
5342
1498
2689
1599
5776
7787
8735
718
2518
9748
2202
3389
2450
5313
163
552
1555
5127
5644
5838
9097
543
8914
8127
2106
9191
1651
4576
969
1739
7908
5751
5909
4732
6108
3341
202
8071
4691
889
2000
691
3379
1909
4121
4134
7884
1684
6670
304
1101
3969
4692
4537
7754
9999
6992
822
2460
5080
3921
8924
8454
4789
5704
2240
4040
442
4928
1630
7115
9380
7309
8657
3725
8015
7758
6629
2020
4073
8026
674
7759
1915
4308
7895
4061
3983
6551
6774
5212
3260
7995
9757
8171
6052
9615
6112
6790
6627
96
3908
4144
4394
9983
6799
5098
3306
235
1381
3337
7927
1399
3829
7117
1574
3911
7739
3477
9469
3814
9383
4572
5754
8904
7012
9177
7271
1519
9522
2634
6964
5815
264
1631
3307
3235
9043
5277
8366
8012
1437
2354
4375
8836
5146
1131
8020
8868
283
6034
6389
4518
1315
2809
5626
346
5017
9661
6071
8663
3964
4026
4863
7636
1007
5546
5981
3877
8870
6950
3868
5104
3519
9480
5107
6751
9890
1785
2782
3849
1499
2532
3246
8225
1860
2260
7744
8329
9730
7645
5486
2308
7659
5573
5563
793
2516
9174
604
2401
8488
1570
6993
4345
2359
8610
9524
5927
2161
6598
7477
2733
1621
4179
2889
2644
4457
3633
4155
2104
7761
6437
7405
5227
1746
2477
1963
4991
4301
6228
2480
1762
6779
7580
3188
9633
9316
8167
8333
8503
9336
2938
1069
441
6453
4805
870
7826
178
1846
3083
4552
9513
27
3741
101
8458
9171
5028
5974
3760
8139
7167
6157
915
4077
6256
5162
6755
7208
430
125
2446
5595
1615
168
6495
5101
383
2356
8048
4265
1718
6318
2435
4970
830
6027
2529
5600
3005
1108
7873
666
7412
118
3110
5673
4034
9467
8483
5648
2208
8601
9104
8257
5903
8214
5126
3331
9192
9202
5389
4400
5491
3679
5399
3346
5388
3897
3783
3980
2965
8533
336
2738
5760
6277
750
199
836
9258
3626
9854
4238
4956
695
1773
7969
5810
1833
3382
7806
5006
8390
210
123
1269
7894
8552
8164
7569
7544
6725
3993
4536
9038
1814
1741
4977
5928
6757
192
6618
5081
7695
5382
9579
8320
9340
891
7345
9650
8247
7561
5164
9709
9479
5966
6971
4305
3133
3522
5709
2388
6289
7930
5725
745
5280
8481
4401
7733
696
9961
5401
4427
7876
5638
6754
7903
974
3427
8433
3363
7448
5097
6407
5770
5660
9798
7074
1792
3774
8363
4782
928
3311
8176
5588
5559
5920
8919
560
7061
9358
5309
2855
2799
5557
4743
5526
1116
2328
7105
6839
1654
4648
753
5567
327
1781
5637
5707
6000
3940
3671
1182
2642
1547
3711
1556
5748
1728
3074
3548
1092
4595
7865
8296
7290
5718
6139
9696
4052
3831
7155
9610
2177
4158
7377
5039
7846
4721
9627
9603
8377
9142
9361
3023
603
678
4042
9820
3642
4443
1080
1259
5372
651
5807
7459
5026
7653
2989
1799
5908
6206
5755
5957
2682
1265
579
448
6784
1137
1082
798
7219
4180
1473
5758
3071
8853
8889
8973
2267
4570
1956
4987
9351
8056
3087
4368
4334
150
9556
8042
5233
5729
4656
1088
5108
8991
7031
4249
9853
4901
3924
6179
1975
217
571
9183
4792
3564
2333
5525
1462
1583
4302
2086
8429
1010
1935
653
4452
3796
8403
2486
3081
3494
6080
7303
5327
5739
7315
2693
2859
8849
1737
7158
6376
4163
4879
6850
8992
1220
5784
8499
7926
8723
9453
7871
563
2227
2587
9144
5926
6933
7907
1318
880
9255
6349
2863
4567
2456
4897
4057
6685
9679
9353
9382
5290
9001
835
152
8733
9662
2992
2110
8756
8006
1001
676
936
2509
5245
8744
1409
2493
1244
4541
3949
7883
5514
4801
4642
2412
9054
5793
4976
126
155
8418
3506
5714
9945
6251
8498
2883
8092
9185
2492
3904
9832
1472
8132
5510
533
6422
9432
9767
3918
8649
3903
1294
506
788
6028
7186
5685
1700
5161
4174
3362
4610
6546
8507
5190
8082
6326
8721
8072
5900
1566
3149
3769
1479
4747
6972
6321
8730
1151
4360
9574
6253
4875
4051
446
8205
1034
7124
1408
9348
9851
3801
5242
669
1196
2464
4286
5228
9573
4272
2724
5899
218
8308
5460
6030
2430
7824
4670
4994
2657
4353
1485
9218
6934
3586
7614
8158
1831
4658
1321
3499
2684
9598
7545
8332
8922
5140
7990
8286
1494
887
1934
1347
4912
4560
22
9029
287
4419
3042
2466
5852
6467
8228
6772
6713
4281
8156
1564
222
312
6681
534
4048
4446
9552
6822
6935
5102
8193
2235
3025
7225
3547
5047
153
9728
3128
7374
9005
816
8445
8474
6068
5231
3577
6092
4479
9040
9354
5716
703
802
9632
1841
9492
4719
5647
6309
5960
806
6947
3755
3700
4250
4181
7100
1099
2396
876
1424
9311
7780
6718
6302
6230
8597
6832
8763
2670
812
757
3155
7226
1140
9252
8804
269
5163
3269
4783
362
4708
4083
2654
8945
7757
8556
3
5953
9328
6814
1666
5663
2905
5548
4001
7611
3766
7227
8005
3595
9057
1969
6342
4344
7707
8358
6097
9167
9840
6634
237
2166
3305
4330
4029
2002
1258
8814
2996
3923
1212
917
6430
6494
4092
5536
7402
5062
6776
8003
8703
1938
1038
1596
3875
5786
6398
4225
9872
2790
3078
1713
522
2379
3600
8776
2188
2991
2136
9476
2204
6477
5941
9326
3860
975
8209
7157
760
8216
3059
2691
2501
2374
641
3838
9589
8775
9583
1452
9601
3359
5189
4664
1606
823
5622
8786
7727
5884
4382
2181
9149
6695
7220
1839
6327
9286
4580
4612
263
5430
4101
1417
6287
4084
7958
5168
1377
4807
7979
1771
6870
8929
2254
7434
7746
2145
9169
4027
8599
2382
1367
4256
5657
583
3333
5134
8767
8672
5154
792
8660
6146
8535
7808
6897
288
5938
2470
8212
7011
8962
2082
5403
3294
3569
8107
7985
2850
9267
2957
5744
927
4154
4502
5618
3169
6099
7173
195
1558
6515
5237
8925
4902
7328
6096
5923
8666
1505
9749
6593
1815
5037
5293
8388
7211
9725
5495
3012
8550
7246
4325
1551
1112
23
5553
7314
7566
3979
6177
7968
8159
7732
1752
7379
3097
908
1944
3629
52
8378
8478
3616
3085
6610
4591
3058
6672
3334
6945
7646
2974
5035
5767
3557
4606
3449
1224
3151
3643
9619
9566
7643
8908
5798
2105
8187
9911
7600
215
1618
5598
8265
597
9338
2137
4079
3176
3999
3819
1919
9899
7254
7803
8528
6428
694
9059
2789
4408
8968
805
4597
9623
3468
2496
9103
7431
7383
4248
1397
6336
9518
6212
1229
2834
4207
7716
2006
4490
4607
4195
5726
4458
5879
2924
1730
4683
3032
564
7334
2860
3695
3003
3340
2729
5247
5759
477
1027
2126
2102
1165
1756
3047
1386
4784
494
3508
8633
7197
6448
2195
1072
7068
5958
6141
6552
7280
332
9549
9922
920
8750
7037
2358
4320
1466
4300
6722
4672
4114
6628
5424
5782
8876
1557
1533
6846
7691
2565
9713
5259
1529
3423
9578
6615
3211
5963
8484
2079
2617
1545
3070
649
4705
1689
1657
4671
3343
8287
1256
4315
9878
7857
3676
7891
7411
2419
7425
6399
4186
466
9399
4363
1886
8330
9989
7881
1827
3502
2646
2821
1156
9445
4620
347
7999
2619
1160
1379
664
1936
2008
3590
6575
4105
144
311
2637
1893
585
8093
6988
7243
6919
5121
357
4460
5982
1726
4752
6985
6203
3283
8553
878
3822
2311
7009
1345
7651
7867
5529
9457
2651
590
7639
7108
2465
3452
4817
3007
6412
4322
1181
3659
5275
3356
9025
8706
4916
3063
2678
6644
6195
567
8361
7250
1966
6781
4343
9065
7638
4742
1361
1850
9618
1837
4085
7488
9077
1501
3054
1998
2950
1191
4856
8953
7319
7601
9698
8134
4438
7137
956
5411
2576
8321
2765
6361
3536
6565
1587
734
9439
8089
5225
3973
3715
4963
7834
4989
7546
1445
8066
6186
8903
9703
554
5241
3197
7382
9243
7288
5676
4455
8485
9206
8275
3504
7955
4075
9499
4939
562
7540
1122
2305
4878
6500
6888
1595
6492
7889
6970
4774
8044
8595
4972
4434
280
8017
4695
8879
6121
4908
1980
9357
4926
6421
555
7526
7013
4679
1890
5680
294
7668
7980
4294
4682
6310
1247
4143
9587
6853
2355
7006
7146
3962
9408
9504
6308
2545
1150
6655
4255
8384
1202
5281
3516
2580
6414
706
5034
9674
7230
9410
1881
2178
6699
5033
5181
6460
6488
6469
1011
398
9394
9376
1141
3878
5473
8898
6704
6008
3905
6558
4173
764
4661
4433
7594
6045
326
921
2709
1962
7797
6210
7466
9082
355
5555
1003
5935
1729
500
5998
3030
7417
21
9793
7666
7044
6134
3934
2852
6567
7915
5674
8440
1078
3736
42
3198
6015
947
4289
2553
5405
811
965
2687
7054
6932
8854
5913
431
7690
389
2259
7740
9571
4267
4584
9487
8112
3738
3688
1351
1030
3394
4523
5148
3440
1985
1096
2032
1443
8955
1976
8417
4738
9971
2562
3854
6872
3944
1311
1328
5839
6306
2485
3466
3157
1063
2258
7592
1928
8220
7347
5015
7514
9834
1487
6017
9117
5911
9799
63
8233
3400
2583
7099
7272
1183
2945
6716
6281
330
2712
8203
1522
5961
6591
5100
3462
1565
3869
1295
6793
9737
2250
8589
2339
7024
6050
1768
9887
7451
9755
8982
3014
4925
7505
4183
5438
197
7306
6152
5936
5084
9558
1527
9718
7392
9796
8701
9802
6461
2609
9355
2155
7184
9925
1607
94
1195
159
8689
992
4888
9189
5338
7791
4524
9957
334
4428
379
5032
8805
7279
4781
4854
6158
6051
8353
9863
5794
1120
6242
7468
7916
8195
6719
308
8975
5286
9600
6497
2582
6013
6441
3062
8525
5364
3750
8568
3537
8716
9897
737
6674
5560
8389
7492
2167
4393
1129
1205
3117
6930
417
228
2744
1766
4373
5513
3751
1549
1410
9305
1067
2117
5826
7298
1540
2771
9509
3910
2052
6916
8
1694
897
5687
3138
3131
6406
6025
8588
2616
5962
5352
109
5454
9204
1905
6899
2061
4666
6960
6764
1789
6143
378
2472
8650
5213
9179
6205
5051
8637
6502
8460
2327
4511
9371
5518
1701
8090
7235
9664
841
9199
7042
2409
684
7386
9292
6106
7149
8100
1950
9473
1286
2555
7882
5554
4669
1790
65
979
4499
8548
4494
7441
8406
7560
4938
2601
8344
6609
9441
6821
6330
2696
8425
1084
5114
1537
1340
9039
8838
6912
5083
254
7224
226
6276
1261
8865
1903
5630
7724
2217
8830
5602
5316
767
3154
9370
9950
5519
4039
1391
2426
473
6844
1755
2650
6192
2397
8270
3475
6937
3040
6706
553
8544
1489
5662
1275
7268
8626
2952
3127
6783
3658
9516
4745
3970
9249
5243
2055
1601
7
3891
9829
3250
7341
6797
2036
4244
8570
5257
3699
3821
6418
113
7065
1696
5691
5949
2854
7239
1009
2655
8201
9678
2417
7943
3726
6088
629
7823
8885
2037
9030
9681
2508
6516
3299
7618
7323
3212
6526
3485
8713
2364
7231
9867
8479
971
8143
8029
6953
6677
1770
5324
8496
3524
5182
5757
7091
3455
2692
7294
9778
9647
1584
9787
6130
2999
9910
3035
6813
902
2942
2732
2134
1608
3932
2246
7007
935
9864
4702
8360
4262
1383
5171
5256
3947
5539
2984
5005
7810
8310
4413
7549
8624
3113
6059
9577
2835
9857
2569
665
1387
6285
7081
3894
1287
2879
8117
2966
9182
1865
523
9084
127
1964
5341
8202
2813
5067
5917
1050
6845
7287
1119
1052
7936
5684
455
698
1530
2726
5977
5671
6962
7237
1206
642
8157
4954
4622
91
7678
3776
5693
7531
844
4489
5240
1515
1951
7329
8687
5882
5741
9636
5717
7302
9505
8328
6693
1423
6817
427
2025
5188
8175
3975
5297
1428
7216
2360
5408
6978
3664
3568
1711
7511
5800
3531
2395
5832
7215
2084
1986
3737
9303
8051
1454
203
9385
4440
5208
1952
8049
4291
6155
9984
291
5441
7860
9452
3182
6009
6527
3669
1504
3714
6103
4736
2929
406
799
720
6647
5087
2546
220
9170
7023
8537
2900
9561
252
4877
9994
173
6556
2884
2257
1542
5991
8292
6208
6511
6037
5478
722
6587
6601
6083
1453
3511
8427
1957
2681
2503
3365
3988
5915
1339
9007
4012
3412
4016
3116
6866
833
1585
5437
5419
1430
8561
901
1757
3827
6802
4112
2476
293
2275
743
692
1948
6359
8727
4476
7875
9272
8871
8065
4484
2763
2808
2540
5996
2867
7829
8720
4211
9596
2190
3790
6487
5888
5016
8064
7801
5932
1354
7812
8970
8587
9648
3069
4176
6836
3663
9667
5329
4515
7766
213
6217
7418
7313
6520
7551
4187
1955
3512
3238
6773
5022
2444
313
5019
2514
3274
7390
1506
3082
6963
4450
4242
7372
2861
5628
1573
3397
7711
424
1135
2336
1172
7855
9275
9915
6333
3205
6060
8339
1604
9742
9296
9078
623
6104
3598
9747
5135
5433
581
7774
5215
2298
6240
5868
9314
9017
2841
2216
5864
613
8106
2606
1133
2059
2474
4149
9073
9298
6393
8466
4706
6557
2198
6688
4596
2590
9762
3682
9015
9139
5076
2932
8725
9582
4865
7935
527
803
7627
8401
4431
1702
1840
4948
1973
1161
2034
5517
6462
3830
5337
3559
4840
1830
2589
508
4761
1838
4911
4640
309
5943
5335
7316
966
1439
8581
2524
4356
5978
7472
7399
2170
9985
2866
8356
7496
4534
951
2058
8712
4617
1705
2317
7641
8825
9876
4188
9835
3357
2443
8984
3422
3214
1513
8039
6882
2663
2895
1070
5179
4482
2191
3142
6910
7679
8600
4366
5325
9414
7084
9468
2736
2823
7628
1113
9271
1008
9024
5232
6892
8894
8221
648
2519
386
2421
4975
9136
5857
6883
2369
6055
9010
5292
5287
9134
8031
900
8994
8462
2533
7153
4463
2570
2468
9782
1471
6842
7831
2641
1033
9265
460
8704
9543
6673
5806
4365
4895
338
9208
1020
2113
4898
2205
7256
6367
5221
6733
4435
2844
7021
9397
7604
7398
3553
1679
6767
8682
2664
9102
3784
8280
4874
3602
3662
2739
3585
9375
8186
132
8421
7743
1346
8379
6255
3108
4614
6508
2647
7351
7269
4420
5314
3775
5713
5295
8797
470
5267
5787
1368
8070
7693
754
3579
9751
2626
8492
7060
4409
8971
8993
1164
2063
393
4454
4003
2392
762
3286
4603
895
4579
1434
1264
3668
9719
2214
3352
8828
8211
620
6229
7318
6484
2351
6761
133
5063
2060
2324
1644
3570
9581
8277
7598
3413
8376
7340
592
6692
140
2673
6439
911
7446
8301
6744
6780
1040
9350
9220
5008
3685
6676
6942
4635
856
8206
5627
9093
4997
7356
6620
37
9745
6840
3300
7621
952
2997
8661
8336
7070
4785
742
9440
759
8680
8335
7283
8008
3158
8613
4464
6768
9319
7918
3803
2303
2694
3542
744
290
9281
6664
3296
6072
4090
5013
8283
519
1107
6237
8040
2295
2035
9427
7338
7064
8861
6687
3533
6374
4224
4011
6989
1706
342
4700
2057
3990
5634
6539
5764
8319
9388
9555
3483
5308
5463
5568
6079
5133
5465
7002
4472
879
1464
4514
8752
616
3472
5896
6808
785
2066
7564
240
8088
5362
2383
3478
367
7852
6642
4894
7640
5263
5116
6594
8931
1031
6094
6753
867
4091
3730
9822
5358
8080
6322
7436
102
7579
6721
5095
756
959
201
7992
8960
2209
2149
7970
4273
8873
5509
8144
2995
2353
1813
5863
7131
7950
4049
4204
9226
4254
1046
8004
7728
3723
7367
2427
4909
7113
1312
7493
1514
3143
5214
9363
8501
8152
8803
2612
5878
2632
7326
1385
462
143
4349
7285
8043
3744
4436
1493
2112
5817
2394
4130
2919
1127
90
2963
5406
8510
9612
2085
5973
1193
3981
5610
6975
3968
1910
4350
6729
4829
9302
3844
9680
147
9060
6402
8419
4636
9176
9284
1378
2272
3757
2381
1114
6180
1924
7624
8198
906
366
1316
7469
1197
2652
106
1521
2093
6490
9430
1414
7581
4126
2869
6459
2357
5439
7554
633
8997
3381
6270
6923
4119
2933
2566
825
4634
3271
1246
4222
1640
25
2370
9970
1045
1372
164
8593
4377
6724
9421
7456
4147
6269
272
251
2970
6125
3748
4247
6316
7121
9593
6789
5575
7098
5147
3489
2154
2722
9672
8263
2591
2391
1022
495
5907
758
1509
6994
3258
4202
5462
187
8472
4915
8256
1873
4815
4170
3890
4505
1983
2176
8822
2027
8609
8635
4110
5937
1743
8416
2490
2797
2979
2754
8178
6334
9089
4226
4903
66
5340
1532
9695
5007
8115
4445
209
7849
6690
8741
33
6564
6936
3219
4826
6085
4919
8067
7850
1154
7520
81
7630
2218
9502
1861
2193
5365
5002
4627
9416
2201
1239
4402
2498
2375
9168
5853
171
9772
2803
5811
9486
4299
9352
6900
2138
8963
7868
98
2244
3344
301
5468
8285
5779
8918
6473
56
7949
8482
6612
7187
7140
261
1002
3201
8027
6301
1624
4733
898
9631
1484
3153
9190
8620
361
2139
6183
1334
7909
686
7482
4324
3255
2321
704
5262
7963
6982
7783
4538
3430
451
6091
3312
2226
9823
7819
8631
1053
7159
6643
1801
8842
7291
1695
2788
5940
535
2776
4312
9613
5332
2445
4913
6550
3137
169
6005
238
7685
3824
2287
4851
9644
5025
6225
1761
5400
8862
8192
3187
4081
2438
29
6680
4609
4447
8603
8497
6138
7887
2322
3349
7672
4737
3417
7858
2243
6766
92
3788
7465
1152
7665
2297
5082
5708
4797
3857
9575
7360
1589
4999
2330
2045
5074
2768
8273
5615
8800
4623
8789
452
7978
2479
1911
6987
8162
4958
4945
3912
4953
2770
7507
1925
9515
5477
5143
3625
4064
4528
1891
5103
5541
9126
9022
2940
1918
9072
968
6456
2639
3323
8267
4035
3075
7984
7779
1669
714
4167
5216
6424
4690
1987
3532
2038
8120
1024
9928
2371
9087
2329
4592
9123
3492
9683
973
4439
7710
1279
1288
487
6410
6604
5975
6859
6423
8564
9669
7464
787
6660
9547
1209
328
4922
4549
9493
8166
3049
8266
5004
8000
5875
2538
8979
8652
227
412
4876
6151
6554
7278
5459
5827
8573
5954
1055
8856
4836
2557
6408
3447
6348
135
1396
7429
2219
8579
5479
7346
903
3691
5203
2960
9406
4044
5763
1663
1435
2142
3862
3135
6184
47
7017
3779
7277
5285
610
468
6377
6131
9215
6026
1166
5265
4386
5204
3514
7853
9333
7195
7366
8413
7619
68
4835
2467
5139
6189
9663
7607
5994
6599
8168
978
5797
115
3950
7295
9475
5955
3652
7863
7652
6736
7034
6667
2187
7409
4347
9396
8102
351
783
6325
4828
6086
6351
6893
9880
2622
2207
2769
7528
861
4904
4318
9896
9420
9411
5079
353
4470
1753
3898
3474
3565
9508
827
2398
9733
6044
2491
6868
9403
444
5791
5353
6827
4468
8326
5571
4823
9738
7262
8642
4540
6048
4033
4914
208
9760
6249
419
4853
26
2228
5752
1943
4421
2912
2874
7142
9164
7010
2985
6904
481
1455
647
1313
9980
1250
3200
6782
7771
4985
2784
6010
8126
75
5921
8702
3253
7004
8208
8719
1967
3624
7606
6611
2471
4553
7033
9866
9807
6384
2523
7762
3703
2387
9808
9871
1276
4074
1460
3846
7085
49
6429
9710
390
5057
5220
4036
6638
1215
5393
3567
4488
2326
2805
1023
931
7722
1678
8654
3134
8697
7000
9369
7363
3055
1525
1782
7755
5122
6149
5914
4068
2090
8897
7635
3292
9562
7181
7029
9889
4563
9846
5841
3845
2915
3704
158
556
413
3681
5471
3917
9320
3301
4957
5347
5804
865
1420
107
4307
8847
7078
1692
8900
1870
689
292
8197
4717
9510
4032
1083
8238
7835
9774
1111
9926
2658
5561
4832
4169
7993
8743
7800
2442
9200
994
1243
2194
7587
4583
1292
7667
8638
2363
840
32
2458
9715
7543
7400
6540
4285
5601
782
5972
7986
6022
9196
593
1543
8217
8013
2827
9118
7292
461
6118
6332
9155
1155
1079
2406
1412
2677
1888
8381
7804
5000
9960
7067
7072
1851
1440
6967
4688
7498
19
8773
2284
1738
7322
3809
6986
8567
608
6144
8240
6605
1422
9813
1369
6150
3936
7122
958
9884
9035
2023
9418
437
2004
3666
4310
6061
9006
3196
3690
4698
3665
540
6785
1625
7470
6365
1389
4089
4047
8342
8913
1901
95
8045
4336
1553
1293
2898
5273
5551
7365
5110
9008
3620
9815
8618
4824
6455
4060
659
7175
663
2986
5711
8906
8404
6778
993
315
2911
9290
3627
3385
9998
3839
8279
9953
4550
2067
6496
3289
8370
8511
9070
457
2520
9818
625
9288
3121
5226
6737
7076
5373
9438
3335
8760
4025
2773
3812
9194
6054
5859
3287
9924
3098
8374
6815
5436
9278
2743
5592
3578
8486
5700
6800
9855
526
9285
2594
194
5050
5944
1433
6625
8113
6702
681
2737
6
2510
551
472
9519
5988
1268
8791
869
5635
3146
3234
7344
596
5703
5413
6012
4822
1458
8077
3207
8341
7073
2669
4986
5159
3119
3632
7714
7375
576
630
4725
561
7869
3538
6136
377
3079
4678
4800
3935
4245
80
2760
6637
6442
8148
9230
8668
2976
810
6170
6335
9721
1834
3024
9958
7675
4190
3575
321
4539
5522
5833
945
2794
2610
4004
7866
9993
6918
794
933
3529
7515
9550
9237
6404
5848
7143
8921
9666
8085
1145
8109
2299
6064
7358
6906
7369
384
6762
469
1199
8016
9723
9241
8801
1997
4680
2290
9819
3309
5934
8470
6204
6885
4295
1402
205
4741
5733
3115
4907
7814
8323
6860
5924
7038
7168
4791
405
7071
9498
8331
266
2070
9804
9398
2050
3457
71
5068
5172
9250
9652
1362
4346
3888
717
7476
7555
7622
7896
1623
3707
8881
60
4982
3871
7404
8196
5304
1019
3177
8239
73
9471
8191
4990
6233
8451
270
5831
9560
7095
1284
5030
4697
3716
656
3339
3404
4657
8463
3208
2099
521
6760
9195
5789
6749
6419
2741
7462
4812
7516
8001
4316
9113
5300
1163
1157
1858
738
7878
4131
2125
6903
6686
329
5317
510
2843
1526
8816
8218
1648
403
9572
8571
9746
3407
2241
5386
7692
3016
4573
7212
322
9902
8999
2846
912
5461
6884
5301
7925
9442
9428
6260
6898
1167
7357
6791
7221
4582
492
715
5464
3392
20
9166
9625
9156
9758
8787
3670
9
5565
3480
5045
3540
1885
2264
9454
7660
5580
1914
8934
2571
1056
3092
4625
4574
2484
4632
6709
8357
8679
1715
5624
3859
4055
340
2955
2764
8362
2730
6305
6201
9337
748
9981
182
9238
1394
5448
5873
4451
6137
852
5434
892
2714
6576
2630
3615
3773
260
9431
1272
1613
9893
6588
6355
2174
1797
1330
9754
1629
3037
1253
246
2431
1683
6047
6304
877
6089
2838
4372
5199
9996
8749
9856
7529
9221
5616
3913
359
4857
9946
9324
4920
1520
421
9419
1343
8888
9790
4533
9729
9028
8555
8414
3091
3861
2338
4604
449
8623
7244
740
6801
3794
9841
8802
2316
6740
2348
4475
4924
7444
9874
9608
7525
4107
9503
4385
5766
4006
5053
4337
3501
6682
795
4544
9312
2018
4314
6254
8305
1681
4971
4962
2152
6391
7658
3521
3355
6438
9540
9686
4404
8683
6805
1822
8141
4659
8021
4613
6698
9967
8758
1066
719
5218
2132
6067
8724
8493
8199
8204
5202
5394
2481
1491
8450
1632
4786
9653
2530
1876
7773
9825
2128
4253
2313
5599
8757
5120
6133
5061
7015
6874
4946
9712
4485
3493
9939
5640
4561
1818
1342
7586
3056
2517
7870
9460
1580
1593
8878
4641
4753
6019
5692
1382
707
2987
6486
9992
5429
1355
3977
5706
643
6191
2210
1418
9534
955
3450
3717
3320
3026
24
2273
7337
7571
2499
7880
6915
4684
438
6641
9844
7789
7910
2944
2332
5060
7987
6073
5078
532
5523
8469
6569
8437
1816
8456
4432
1041
8627
9783
845
4236
5303
4886
186
5669
7460
7001
7737
7610
5727
1105
4631
9247
6474
2921
8174
7401
128
3257
1658
9095
371
6775
6464
7088
149
8394
4767
1883
6902
4569
5854
6148
8061
232
4235
2156
8640
9828
1159
1235
8890
7802
9949
3222
7259
5939
4113
2133
6396
3227
2717
9968
9140
5123
6167
5771
5678
2189
2635
6074
4521
2994
204
4952
316
2578
5582
3549
9404
893
5318
7912
9563
4192
732
777
6595
9465
5750
3111
5564
3240
4633
5272
3209
6049
582
7983
6879
4910
6878
7342
138
5442
873
8430
9810
4177
9228
2033
3858
8387
2283
6665
5360
2237
3298
7811
4724
4237
2982
2368
9766
6458
2564
1878
4527
2147
8068
3667
4142
7633
1062
5414
2595
1335
8125
4979
3008
9280
7923
6400
4020
3535
6654
6032
5830
4712
6371
5407
9892
821
4653
828
344
9705
6140
2184
6555
7548
6503
8054
2425
3959
5175
8307
3635
3374
4513
4161
1887
1798
3556
4182
4374
6748
5040
2231
6119
3841
680
172
1984
1325
8611
3718
8681
7632
9873
5785
9800
6245
7249
2792
9056
2292
8386
3610
1323
7938
4287
6855
3272
2536
1862
9839
9407
9341
3874
6111
5633
711
7449
1602
1482
4270
2631
8299
1693
1350
677
7389
9327
7114
2441
5698
6703
2242
5731
9004
3621
5370
7741
6224
9207
2451
6886
2936
3833
2095
8160
4050
9011
3574
7752
3451
8981
957
801
4571
6135
7222
9944
1896
5018
3106
6042
5141
1296
1917
5014
7233
4884
1642
7931
8151
8177
281
4391
2437
3402
3948
8705
3308
6574
5254
8989
3972
5088
5149
7815
38
6803
7644
6023
8010
3249
7485
8399
3884
4098
6984
9274
6835
4088
373
3802
8210
7821
8244
8671
3951
9597
5038
5023
2539
6991
3439
2544
4078
83
8902
5605
5322
8268
8133
9339
4578
7557
7522
4053
5378
4102
4825
4076
1874
3500
4209
5070
9046
8172
9527
4837
9217
3020
1076
8165
4600
1958
8524
8373
4146
2433
602
2559
3546
5796
7229
2706
4934
4693
9323
9628
4152
3594
2734
4390
850
5476
4329
6763
8693
5967
8084
646
3256
5775
1049
9143
7310
5901
7534
3777
7422
2197
7603
1021
6974
1411
4751
1134
3438
1178
6711
9616
884
4104
3318
7333
1153
1465
7708
8780
987
6509
1636
5971
9930
6571
7202
6820
9205
7760
8951
1671
1470
2014
3290
5184
3708
5444
6973
2307
122
3399
7856
7056
1559
7497
4124
8235
1060
1949
7517
5681
6196
2502
2015
9660
247
30
4637
2349
1432
7565
5498
683
605
5534
5862
890
7075
899
1395
667
3697
445
1670
7059
1228
5989
6873
9496
8504
4726
9913
2807
8408
1795
4357
3152
1758
2238
3490
3837
1144
4843
775
618
3278
7828
3239
4389
5029
1217
9997
3562
2786
5527
8774
9526
6717
881
9387
8717
9869
1731
1906
8736
8315
3781
9211
7361
2872
4788
1299
2757
1812
6828
1622
6798
1476
2853
2623
7040
4638
6239
6600
3445
1899
9236
1314
3956
7050
7512
4415
545
6161
2407
2261
4766
2286
9590
1802
1740
7388
5046
5302
1057
5064
8317
5858
396
8281
3698
9151
6297
3291
3605
8690
8621
7003
1061
2954
7486
8662
9287
7847
1995
7723
6998
8820
725
196
4880
6397
2469
8135
268
8130
3405
2625
7965
9307
5594
9310
2750
2585
5795
9779
6966
458
7885
3732
3497
5344
1059
4306
4943
6244
8877
3321
599
4677
3366
4348
7213
4709
1667
160
7778
3213
8245
3782
8939
3974
4424
6777
6622
484
2436
9264
1444
9570
6275
9063
9817
6250
1234
9306
8622
6493
6164
358
4109
6176
7917
8426
4984
5069
9393
2542
9254
3727
6272
8891
4589
2563
916
7671
4809
645
4577
1660
8628
3224
5809
8324
8843
7253
8023
6427
7089
8753
9833
5620
5249
5307
2731
5596
6816
9293
2457
5251
626
3523
423
7920
4117
5829
3971
9145
5849
1531
9964
5701
188
7595
3093
1486
3989
8591
9620
1074
7260
5607
8742
1282
5902
8063
381
6525
1358
7602
5142
9702
8952
3052
2831
6871
7090
1665
3281
5840
4145
4201
6707
3931
4462
7458
3938
5375
9153
3029
5012
3171
9731
5024
7749
3619
2405
4094
3655
415
376
4867
8754
8116
6542
7629
339
3588
439
2746
8726
3986
370
6003
6329
9002
3199
8574
6804
7139
3486
3370
9092
1192
212
3552
1375
5055
9061
1982
7391
6653
9979
4018
1617
1103
7777
2774
9000
4588
9962
778
5532
3810
5260
8030
773
2289
9676
7616
4716
6257
9891
6352
416
4819
6259
7408
3770
7332
6538
1188
8708
9973
5217
8536
2552
433
847
4707
5694
3984
2342
3933
9233
6633
5646
8577
3551
5449
1245
4066
6166
2597
8942
40
1403
1939
3721
4864
2705
4762
1095
9372
97
9212
2814
3543
7177
8645
5315
4866
1561
4689
5236
5715
7025
8250
8311
1710
3811
8153
4545
5916
3792
7364
558
8449
9096
9567
7720
1735
8473
1273
622
6345
8990
5690
2547
1597
7461
925
6235
5330
6082
2046
2543
2937
9624
6171
946
2344
5777
3587
3387
6353
6087
8150
2031
3162
174
1262
8249
1765
2024
6831
5323
5268
671
7613
7055
1662
1260
1005
3230
8337
4950
1094
3165
6252
7731
7798
2953
6577
8584
4587
161
8793
3371
5453
2941
410
2715
6273
8678
1064
8764
4562
3887
6280
5402
8737
5390
7934
2065
3223
6267
6021
7176
6220
3048
9564
9879
3425
3006
8823
862
2454
250
9605
9261
8910
4367
7199
2196
499
3660
299
5507
2408
4148
6369
9927
8592
1344
271
1384
6403
1749
1548
2185
3834
1068
7355
8799
5170
2111
2862
4279
3997
7608
6852
9693
3295
191
5137
4917
5641
6819
3672
5743
6847
1674
7738
9934
2083
8183
9965
198
8338
475
1404
5584
1805
9461
6169
2624
5376
8617
4442
6303
2751
3525
4425
7107
4969
6585
2098
8967
7924
8527
6147
6747
7086
842
3148
9115
6401
1764
2386
9132
640
4106
369
2667
888
1051
1907
1734
7236
2515
375
8163
9051
8834
2094
6833
8722
7572
4210
4758
3488
6160
453
3817
8464
1889
6312
4900
7575
2248
2130
4831
9425
9400
1098
2885
11
8242
650
1628
4132
5440
2877
8915
8639
8465
797
7445
5494
8636
3683
2005
7028
3842
6619
7790
9042
8947
937
1210
7301
9836
3393
7252
2930
9806
5196
1138
7661
2385
1200
5264
7563
206
5836
5321
8318
7712
2531
8826
8457
1341
74
2331
7275
1326
5506
5481
644
6697
8230
7960
9838
3560
8944
2674
4947
4303
8920
960
7570
6200
635
1872
9448
7576
2920
1190
8582
8615
165
9546
5520
9694
5591
9259
2857
7654
7937
8529
5085
3589
119
4602
7820
4650
5346
4756
8578
7487
2169
4333
3360
3064
3033
4668
7082
5271
9426
2702
1450
6081
7952
8517
9545
8448
8788
2621
4444
2762
207
4175
6299
1835
1500
8821
6156
6095
5497
9677
6741
4621
9331
731
7123
7599
9016
9381
5740
8790
2017
3527
8964
9974
7508
9459
9918
3270
6535
2153
7018
6070
1380
8694
5812
3031
5131
6066
8355
7359
6581
9626
5945
8850
8844
100
9500
1913
9529
3558
9843
5
8782
8651
3353
7008
5167
54
9433
5956
8104
4701
3467
8892
2011
2168
7718
5482
4160
1748
2320
1940
5799
8439
4370
6002
6375
7048
5867
3752
2448
99
6856
2977
517
2203
8969
7284
9109
547
5031
8236
4818
7697
6337
8346
4097
3641
2232
166
9514
3882
2967
4848
8835
9711
3275
4983
2695
2365
4842
5912
9898
3285
600
5367
7129
4981
8278
4266
7941
8385
2120
7397
3795
3315
1591
7194
4290
116
1481
9110
4993
1016
7156
2135
1639
1436
3847
2969
5246
9020
4575
2054
7330
3325
6528
9424
8864
7674
565
9413
5289
6174
6529
7378
7134
5572
3034
5544
9374
1988
4921
2507
3013
5677
1018
3555
2314
8052
9659
6901
7336
9368
1300
2978
9629
8103
2221
8368
8014
5724
6443
3388
78
9991
234
8393
6307
619
4403
2277
364
1085
1836
3277
549
914
1221
5652
6016
1125
1097
8382
1255
6630
3639
2162
9301
7437
5457
82
2983
314
557
9481
1374
5333
8219
184
3851
919
4776
8772
1029
8926
5619
5499
1904
2109
7781
1017
9379
4833
8316
1592
3573
479
7069
2252
7111
3338
5828
493
1898
3141
7218
1090
4685
3442
2452
7443
4951
2688
4787
1459
7022
9377
8974
8710
2959
4278
5077
7552
1641
3644
5805
323
4379
8656
4965
3358
1996
8608
4297
9062
4778
4566
1348
3892
3720
3004
120
7116
58
4772
4054
953
2049
1173
2028
1496
9125
1366
8251
1627
854
9373
8397
454
2001
6041
3103
1712
2870
5906
7484
8453
18
1977
1028
1360
4208
772
9188
2473
708
4887
1788
2041
6532
3145
3966
7533
5410
5611
1848
2157
4141
6223
2791
6626
7132
9637
8138
3170
6513
167
8282
4492
8696
741
5239
1853
3907
1077
7842
4364
6491
3728
6350
2129
3799
9947
5234
9726
7677
513
6617
87
7911
4978
5269
5686
3628
1054
5942
4095
6705
8795
9069
6207
735
8813
9692
4944
5355
1100
3175
537
8554
414
5629
5157
4599
4821
2124
3856
5466
1786
4426
3139
6671
2069
8173
6395
9951
6841
2003
1032
3518
4568
1337
7933
2096
981
8248
4352
1006
6656
9645
8124
868
7491
4002
3753
9232
4565
9614
2274
8409
3618
9447
4608
5319
4251
4467
4311
5201
1652
4967
5876
4493
607
1892
6517
9952
4711
5606
3927
1241
6723
8676
6559
5356
1725
6222
829
8180
8769
6514
1999
7101
4062
654
3915
662
1390
3503
7947
2636
1645
7206
3967
8075
5090
7874
28
6248
341
9346
2186
9942
8985
2618
4096
784
5500
3263
259
1398
4058
5195
2592
5073
1071
2245
4309
5348
5186
1012
146
4023
3276
4466
289
6948
9342
8521
5331
241
2891
9116
4495
2108
8940
1303
356
7904
9736
7582
4845
961
7574
6129
6475
3144
1933
3129
6265
428
7843
5392
948
8845
2352
2206
8540
8231
1048
224
8740
8518
4660
4522
6679
9831
3765
8295
3530
8899
7150
4151
9187
2567
69
3636
1349
3000
8271
3889
6364
8222
4598
7900
580
9044
1721
4703
657
108
6920
5384
8223
9111
9868
7973
4206
2367
4516
6415
5252
9640
6796
3510
7478
5746
1474
9977
6658
6385
4773
3284
7945
4328
3729
9495
8459
16
9862
4936
3329
8452
9210
3840
9330
7696
5773
6457
1400
4220
8475
6519
3870
6543
4517
2662
2165
6468
6188
3036
2143
2180
2225
2719
638
1974
8367
8629
6159
2310
368
8471
9656
3136
6165
8619
7228
216
4359
4243
1690
4529
5423
3853
8937
2584
5312
3576
8081
3266
3027
2962
5651
6752
2081
5166
8046
2016
6372
3105
5952
2073
9256
2489
2239
8405
394
2337
9184
7976
5475
6806
3713
1638
1036
5922
2608
8137
4317
3764
9943
3826
142
6696
9359
6057
3710
4469
1884
1852
4663
8194
7719
6669
5206
7370
2766
9507
5995
7475
7753
7387
6951
6928
1945
8848
310
62
6570
1075
938
5578
4398
3937
5892
4764
2255
6732
9682
6004
8596
5072
9520
2787
1357
1990
632
2251
4065
5790
6561
4378
4601
5489
4193
5165
5566
6110
9717
5043
1242
5334
17
9535
614
6694
399
2453
1569
7467
4713
9805
1277
9485
5780
9094
6263
8434
5869
5617
1237
9138
3251
262
1900
8933
2541
5664
7265
7536
8145
4665
7906
7506
982
5274
4086
8911
8792
3436
3630
1714
2904
8641
8190
5377
2048
3957
5224
712
950
5383
763
1779
2224
5230
3481
999
2825
8243
6977
9366
4581
3304
1686
5898
5581
6440
3185
1807
9154
4543
5589
2935
1817
57
1829
7112
6209
1650
9688
904
3693
9690
10000
9904
857
3550
6358
9318
5200
682
2302
6234
5422
117
6383
2839
7395
5871
4827
2628
6925
8634
4654
9446
7655
8866
6905
1503
546
573
9635
496
6700
6293
3886
9133
9821
9012
4893
7474
2928
5933
6735
6185
7041
9018
5425
5820
1289
9124
1844
3421
4430
2775
2040
7046
9938
6632
3541
8534
8832
5160
8428
5151
4252
5579
7901
2753
9497
3745
8294
395
3089
5042
8858
8987
1516
1723
584
2512
8718
8170
8343
6788
7953
4510
6471
3709
7573
1208
348
7304
4496
7144
2783
1124
3221
6662
3852
1930
7681
2345
9172
2414
6683
3180
2811
483
9920
2268
9257
5835
5814
752
3899
7553
8901
6652
7764
9309
2494
7504
9969
6063
5417
6039
7270
7836
6504
1110
3210
779
177
6360
3880
2012
1942
1577
5311
9794
8728
5194
8875
256
9720
8859
5207
954
970
3850
9773
2607
4127
8099
824
9744
9544
2
1970
6875
7373
6187
8698
9300
8352
5824
6807
3582
1338
5556
76
8410
4214
3943
1015
3164
3735
2679
6854
4998
8781
5675
9107
6246
397
2554
3963
276
8986
2864
4191
860
7282
1708
1232
2183
672
9858
3282
4628
9466
2600
1825
963
5431
1176
1871
7745
7047
8980
3771
8907
9907
4384
1717
2755
5772
655
9765
9875
5732
8827
9814
2127
4547
6194
5003
401
3336
7428
7495
6530
7521
786
6339
3767
9332
693
9105
5964
2123
7198
8131
7171
7977
595
2262
6294
1421
5222
3122
6770
363
9684
3403
4323
9923
8018
8630
6649
9859
8829
9048
2888
3202
3756
6346
4643
2236
4125
7538
6128
9756
7967
6597
4414
319
761
8809
1931
7201
4839
504
1320
9542
7324
6029
819
9037
5919
5387
7809
4530
2649
7032
8808
4757
9845
8811
882
3441
4937
6505
4171
5792
6965
2319
6889
5682
8314
3954
5306
4198
6313
4448
5371
5504
5493
5485
4929
8746
3268
3114
1760
4755
7649
6006
6163
9295
2380
8119
8956
8033
5502
5653
6011
6661
5368
7567
4331
6668
4796
3332
7130
2213
8161
8958
3166
1270
9585
2141
923
7769
536
7210
3778
2947
6268
3785
7597
4137
5250
3843
1139
8184
9732
5881
3077
8522
8395
9538
7954
886
8545
6075
4233
3174
4441
9276
1528
8519
588
7689
354
5118
7051
8863
8398
6560
3107
5587
1578
5117
941
7792
5666
9611
8246
7352
1926
8276
1365
985
4509
3465
7494
6861
5248
317
6864
7248
1305
7631
6990
6726
5483
4554
834
9075
5983
1252
7705
6363
9053
8383
606
9827
6531
5283
1441
7523
4293
4667
6880
6640
5528
3900
2173
3377
420
2875
9198
3021
9450
9120
2372
2150
3883
7959
2697
8745
1560
8306
5984
1796
2215
6153
2735
3080
5992
4905
6213
5093
1290
9506
6968
8047
4246
6812
9119
7535
1552
1352
1065
9995
988
5395
2413
3797
2586
277
8169
7348
297
9160
9901
1929
515
9848
8237
3820
9521
9216
7152
185
6478
7160
180
8941
6014
3203
2159
1647
6226
6197
467
3482
8977
3104
7542
4021
7859
6849
3864
8539
7841
1126
1612
531
3186
5310
2384
6911
103
6568
1123
5420
331
1571
3571
4729
2685
8966
3680
7921
8123
7682
1468
3401
2638
6562
7320
7154
9764
8477
3591
4814
3120
4008
5446
8644
5132
6018
5056
6053
2778
6416
9137
5822
1149
1675
4686
539
3649
1448
214
6062
3391
275
1922
6927
4830
2914
8530
7180
1319
380
542
7427
4526
9484
1600
4100
9830
2265
9604
2842
1026
8954
4618
7702
1989
1413
4846
1162
4405
1376
6648
1302
5855
245
6838
7647
7080
5238
4487
8224
8761
4327
3706
7169
4802
2506
1189
6639
7066
5099
6127
6300
1655
2894
1426
3273
1659
5397
8729
8298
2300
1916
7827
1626
6258
7057
35
2795
7775
2599
3244
8396
1611
4178
8806
3130
5209
7489
5428
2270
4150
8050
5291
8359
7424
6247
6390
8766
2500
3398
621
6181
4718
2824
6621
8542
3444
8422
3316
9539
6123
1230
8927
6387
5886
3998
5516
4014
5550
3179
6771
2043
2886
1035
6651
2613
9235
4624
4503
2785
233
1820
8297
3780
8576
5851
5980
8867
7822
2686
1102
2091
1393
2192
624
673
3772
1590
3566
2148
2826
6426
5543
7782
5354
6328
5490
6344
5552
9975
1331
5178
5531
6572
2505
5948
497
9263
4531
6323
4696
4069
9417
4883
3705
2781
4694
2121
9670
8038
4556
2212
9940
7656
2340
1285
6122
77
7537
7016
2575
8083
6976
1281
7317
853
5511
3895
1309
3545
5488
5474
6750
7349
2727
2699
2908
1664
1605
2881
7709
6162
1451
541
1364
6758
6983
5870
7851
1824
601
6182
3742
2676
2097
6343
1416
162
8181
7703
1507
9850
9900
1972
5788
7994
4185
6142
2144
3418
6728
612
3261
8365
6701
6501
79
1517
7756
6730
5443
2119
9812
7331
6216
6582
972
1198
8912
8796
9883
5112
1859
8699
1329
716
4165
9203
2659
5632
5734
9389
2291
8547
3606
7899
6523
6227
2698
6522
996
1128
4407
9402
179
6290
50
5643
2742
5010
9451
1142
6463
4280
8872
2122
2648
8957
1821
1483
2749
1810
3376
4406
2116
5537
3232
3746
5512
7813
2281
7473
3604
9700
6583
7725
5825
7189
3342
8557
1278
2044
6124
7816
2568
8794
8122
6944
1091
3095
3045
3470
114
4276
6929
4046
3982
3380
4710
9511
4172
447
2233
7591
31
9847
3544
2266
3101
4229
4675
4358
141
39
7794
8025
6101
3896
6624
7788
1823
8007
2418
8182
9186
9642
1539
4585
9474
4288
8259
9933
7307
8057
3086
9792
3930
3572
5930
6499
298
8818
6890
7433
6534
7539
8034
6826
3528
4722
7877
8147
6592
2315
2463
5276
3088
4362
8562
5860
7223
8114
3686
8442
5501
8369
4010
6512
8105
8949
4869
5339
3722
1194
7767
2522
9266
2447
6809
7026
8098
7956
1783
2830
4030
3194
1937
5845
2818
6908
3946
1037
4216
4748
6357
4140
3879
4381
4038
7161
