0  5  8  11 14 17 1  6  9  12 15 18 2  7  10 13 16 19 3  8  11 14 17 20 4  9  12 15 18 21
5  0  5  8  11 14 6  1  6  9  12 15 7  2  7  10 13 16 8  3  8  11 14 17 9  4  9  12 15 18
8  5  0  5  8  11 9  6  1  6  9  12 10 7  2  7  10 13 11 8  3  8  11 14 12 9  4  9  12 15
11 8  5  0  5  8  12 9  6  1  6  9  13 10 7  2  7  10 14 11 8  3  8  11 15 12 9  4  9  12
14 11 8  5  0  5  15 12 9  6  1  6  16 13 10 7  2  7  17 14 11 8  3  8  18 15 12 9  4  9
17 14 11 8  5  0  18 15 12 9  6  1  19 16 13 10 7  2  20 17 14 11 8  3  21 18 15 12 9  4
1  6  9  12 15 18 0  7  10 13 16 19 1  8  11 14 17 20 2  9  12 15 18 21 3  8  11 14 17 20
6  1  6  9  12 15 7  0  7  10 13 16 8  1  8  11 14 17 9  2  9  12 15 18 8  3  8  11 14 17
9  6  1  6  9  12 10 7  0  7  10 13 11 8  1  8  11 14 12 9  2  9  12 15 11 8  3  8  11 14
12 9  6  1  6  9  13 10 7  0  7  10 14 11 8  1  8  11 15 12 9  2  9  12 14 11 8  3  8  11
15 12 9  6  1  6  16 13 10 7  0  7  17 14 11 8  1  8  18 15 12 9  2  9  17 14 11 8  3  8
18 15 12 9  6  1  19 16 13 10 7  0  20 17 14 11 8  1  21 18 15 12 9  2  20 17 14 11 8  3
2  7  10 13 16 19 1  8  11 14 17 20 0  9  12 15 18 21 1  8  11 14 17 20 2  7  10 13 16 19
7  2  7  10 13 16 8  1  8  11 14 17 9  0  9  12 15 18 8  1  8  11 14 17 7  2  7  10 13 16
10 7  2  7  10 13 11 8  1  8  11 14 12 9  0  9  12 15 11 8  1  8  11 14 10 7  2  7  10 13
13 10 7  2  7  10 14 11 8  1  8  11 15 12 9  0  9  12 14 11 8  1  8  11 13 10 7  2  7  10
16 13 10 7  2  7  17 14 11 8  1  8  18 15 12 9  0  9  17 14 11 8  1  8  16 13 10 7  2  7
19 16 13 10 7  2  20 17 14 11 8  1  21 18 15 12 9  0  20 17 14 11 8  1  19 16 13 10 7  2
3  8  11 14 17 20 2  9  12 15 18 21 1  8  11 14 17 20 0  7  10 13 16 19 1  6  9  12 15 18
8  3  8  11 14 17 9  2  9  12 15 18 8  1  8  11 14 17 7  0  7  10 13 16 6  1  6  9  12 15
11 8  3  8  11 14 12 9  2  9  12 15 11 8  1  8  11 14 10 7  0  7  10 13 9  6  1  6  9  12
14 11 8  3  8  11 15 12 9  2  9  12 14 11 8  1  8  11 13 10 7  0  7  10 12 9  6  1  6  9
17 14 11 8  3  8  18 15 12 9  2  9  17 14 11 8  1  8  16 13 10 7  0  7  15 12 9  6  1  6
20 17 14 11 8  3  21 18 15 12 9  2  20 17 14 11 8  1  19 16 13 10 7  0  18 15 12 9  6  1
4  9  12 15 18 21 3  8  11 14 17 20 2  7  10 13 16 19 1  6  9  12 15 18 0  5  8  11 14 17
9  4  9  12 15 18 8  3  8  11 14 17 7  2  7  10 13 16 6  1  6  9  12 15 5  0  5  8  11 14
12 9  4  9  12 15 11 8  3  8  11 14 10 7  2  7  10 13 9  6  1  6  9  12 8  5  0  5  8  11
15 12 9  4  9  12 14 11 8  3  8  11 13 10 7  2  7  10 12 9  6  1  6  9  11 8  5  0  5  8
18 15 12 9  4  9  17 14 11 8  3  8  16 13 10 7  2  7  15 12 9  6  1  6  14 11 8  5  0  5
21 18 15 12 9  4  20 17 14 11 8  3  19 16 13 10 7  2  18 15 12 9  6  1  17 14 11 8  5  0